100
30
a0 a1 a2 a3 a4 a5 a6 a7 a8 a9 b0 b1 b2 b3 b4 b5 b6 b7 b8 b9 c0 c1 c2 c3 c4 c5 c6 c7 c8 c9 d0 d1 d2 d3 d4 d5 d6 d7 d8 d9 e0 e1 e2 e3 e4 e5 e6 e7 e8 e9 f0 f1 f2 f3 f4 f5 f6 f7 f8 f9 g0 g1 g2 g3 g4 g5 g6 g7 g8 g9 h0 h1 h2 h3 h4 h5 h6 h7 h8 h9 i0 i1 i2 i3 i4 i5 i6 i7 i8 i9 j0 j1 j2 j3 j4 j5 j6 j7 j8 j9
a8 b0 c2 d8 e2 f5 g0 h6 i1 j5 a6 b5 c8 d9 e1 f9 g3 h5 i6 j7 a2 b9 c1 d7 e3 f4 g8 h2 i4 j1
e0
x 24 11 23 23 23 24 23 17 22 14 23 21 23 25 21 26 22 24 15 24 24 24 22 22 23 14 24 19 22 18 25 23 24 23 21 25 13 21 20 13 13 21 20 22 15 21 16 24 25 20 15 24 13 21 11 15 21 23 10 25 23 18 22 27 25 28 23 26 22 24 24 24 25 22 23 24 11 22 24 26 27 20 23 24 18 11 21 24 12 24 25 29 22 12 11 22 24 20 13
24 x 21 25 21 29 28 21 29 23 27 17 23 21 22 22 23 26 22 23 28 25 21 10 31 25 29 23 29 26 22 24 25 30 23 23 27 21 24 26 22 19 24 20 24 21 25 23 19 32 23 20 21 20 13 13 21 22 11 17 13 24 12 15 18 12 25 25 26 32 22 22 18 22 23 21 20 23 21 16 26 22 21 22 33 20 22 13 23 23 11 10 21 21 21 23 11 11 17 24
11 21 x 25 22 23 13 20 13 21 25 23 21 27 23 26 20 12 18 22 18 23 23 11 27 24 11 23 22 24 26 22 12 16 23 21 23 24 22 25 14 22 23 21 22 20 25 22 21 23 31 26 21 17 25 21 14 27 24 21 25 19 28 11 22 25 24 27 24 11 28 24 21 22 25 20 21 11 25 26 24 23 27 17 21 19 22 11 22 12 15 25 22 26 22 17 20 24 24 13
23 25 25 x 21 19 26 21 15 14 20 24 26 13 18 22 29 13 12 21 10 21 21 20 23 11 22 25 21 21 24 23 25 26 24 25 21 31 23 20 11 18 21 21 18 18 22 23 20 23 20 11 24 30 28 15 28 24 14 20 26 19 15 23 22 18 33 17 26 24 23 24 10 24 22 23 27 25 26 29 22 21 21 28 25 27 12 24 21 17 28 21 23 24 17 14 24 22 20 21
23 21 22 21 x 27 23 24 24 10 22 24 21 26 22 24 26 26 25 26 11 24 22 24 19 21 27 17 23 29 22 23 21 30 21 21 18 10 26 26 22 21 23 23 23 23 25 26 14 16 28 17 21 12 25 27 11 17 14 30 23 18 20 24 22 28 14 12 28 31 24 11 15 28 28 22 21 20 19 26 23 21 11 22 22 28 27 11 25 32 23 11 16 24 22 21 14 22 14 21
23 29 23 19 27 x 10 12 19 18 12 28 24 22 12 22 22 23 24 14 16 16 22 27 16 23 24 25 21 17 20 23 22 24 16 24 24 24 22 24 22 27 19 17 22 12 22 22 21 15 28 19 16 24 32 21 26 11 22 24 25 23 22 25 24 27 21 25 20 19 12 18 17 19 22 26 15 26 14 19 11 15 21 26 21 20 12 24 14 25 23 25 24 14 26 23 22 19 16 16
24 28 13 26 23 10 x 18 26 24 22 21 23 23 15 25 12 18 27 24 16 16 24 21 26 25 24 28 14 20 23 13 13 24 26 20 26 28 12 23 22 25 18 15 14 15 28 28 11 25 18 26 26 27 25 25 24 21 25 14 15 28 25 24 25 29 11 28 28 24 22 27 22 27 24 21 25 22 24 23 21 25 26 25 27 30 22 15 24 25 25 26 28 16 25 22 24 23 22 26
23 21 20 21 24 12 18 x 24 23 23 31 25 25 22 23 22 25 19 22 21 18 30 27 12 23 27 25 21 20 26 25 25 20 22 20 26 20 21 20 10 23 23 23 19 13 28 21 21 11 29 28 21 22 27 21 24 21 10 30 15 22 20 22 12 23 29 13 15 27 21 23 24 28 20 22 22 26 22 24 23 14 20 22 20 24 18 23 19 27 11 31 19 10 20 25 10 22 19 17
17 29 13 15 24 19 26 24 x 14 18 24 18 24 26 22 18 25 24 15 21 23 26 21 23 18 14 10 24 27 13 25 25 25 27 30 12 30 24 28 17 24 28 31 20 24 26 24 22 28 24 13 23 19 27 23 27 23 18 22 21 27 23 24 23 21 26 24 11 24 30 23 11 14 24 16 24 24 17 20 24 10 20 30 24 21 26 24 13 24 19 23 27 28 25 25 26 22 24 26
22 23 21 14 10 18 24 23 14 x 23 24 22 22 18 14 23 21 17 27 11 22 19 24 24 11 21 24 24 25 21 22 11 20 22 20 15 20 18 26 18 20 21 26 21 26 15 30 14 22 26 24 11 22 24 20 21 25 18 24 13 26 21 14 21 25 24 10 25 22 17 21 24 24 23 17 19 12 12 25 26 22 21 23 23 26 17 10 15 25 21 15 18 22 23 20 24 22 24 12
14 27 25 20 22 12 22 23 18 23 x 16 12 23 24 32 13 15 23 26 28 24 27 20 23 23 22 17 25 24 26 25 29 18 22 23 24 12 21 14 25 23 13 20 28 22 25 21 18 27 21 22 19 25 22 24 27 23 23 24 23 21 26 24 15 25 24 13 29 23 24 16 10 27 23 24 24 17 21 28 21 27 25 26 14 25 23 21 26 23 27 29 25 13 19 11 22 18 26 25
23 17 23 24 24 28 21 31 24 24 16 x 15 15 26 22 20 21 20 25 20 30 19 20 23 22 14 22 13 25 22 15 23 22 13 16 12 28 13 22 21 27 22 27 24 22 24 11 10 23 26 29 24 29 25 22 24 22 23 24 27 26 27 24 24 11 11 28 20 16 25 23 14 27 27 21 29 12 24 23 24 25 19 25 23 10 23 20 21 24 26 25 28 24 21 16 23 25 21 26
21 23 21 26 21 24 23 25 18 22 12 15 x 30 24 24 12 23 24 14 22 17 19 23 22 20 24 25 13 23 21 23 17 28 20 26 21 24 25 17 23 21 24 14 23 12 25 26 25 25 17 15 20 24 10 20 20 23 22 22 16 21 28 12 24 20 12 17 25 16 24 10 22 24 19 22 23 10 29 19 26 27 22 24 21 25 23 24 23 30 17 25 13 25 29 23 24 21 21 26
23 21 27 13 26 22 23 25 24 22 23 15 30 x 23 23 31 19 18 29 23 21 21 27 23 11 23 23 21 23 11 24 15 34 21 27 21 29 22 24 22 20 13 22 25 25 16 21 23 16 22 24 21 21 27 21 24 11 22 27 25 24 13 22 26 12 24 26 32 24 25 20 22 24 22 28 25 27 20 22 17 22 15 24 18 22 23 22 11 22 26 24 27 25 22 12 23 10 28 26
25 22 23 18 22 12 15 22 26 18 24 26 24 23 x 20 23 25 24 26 27 23 18 25 24 13 27 22 21 24 20 22 20 20 20 22 23 13 20 19 19 21 23 26 10 13 20 15 24 11 21 21 22 25 26 14 28 21 17 24 27 21 10 21 23 27 26 13 26 26 19 14 23 23 24 23 14 24 23 24 23 21 11 25 25 24 20 12 13 19 27 24 24 14 17 22 14 21 22 26
21 22 26 22 24 22 25 23 22 14 32 22 24 23 20 x 30 21 24 23 16 22 11 24 21 20 23 17 20 21 20 16 22 24 21 28 10 26 15 26 25 15 20 30 27 19 20 29 14 17 21 12 25 28 20 17 14 22 25 24 27 31 10 22 26 21 27 24 21 27 27 21 24 30 23 24 25 26 15 28 23 27 22 29 24 22 10 24 21 21 18 22 26 26 23 25 20 25 25 24
26 23 20 29 26 22 12 22 18 23 13 20 12 31 23 30 x 23 19 24 27 28 31 25 26 25 28 24 17 28 28 25 25 24 16 27 22 21 24 25 23 16 26 26 25 24 23 26 23 30 26 18 20 17 21 24 27 27 22 26 10 27 22 24 28 31 21 26 24 22 23 17 23 17 23 11 25 15 33 18 28 18 22 29 27 18 25 22 26 29 20 22 25 26 22 19 12 25 29 21
22 26 12 13 26 23 18 25 25 21 15 21 23 19 25 21 23 x 15 17 23 14 25 21 21 24 22 16 20 22 19 10 20 26 11 26 23 25 12 25 22 22 21 23 20 25 21 10 21 24 22 18 23 25 28 27 23 21 22 28 13 23 21 23 23 15 23 26 19 15 24 21 23 20 27 17 24 23 23 18 15 19 24 29 22 17 11 21 14 24 25 27 10 23 12 11 15 18 24 25
24 22 18 12 25 24 27 19 24 17 23 20 24 18 24 24 19 15 x 21 22 21 14 26 24 20 10 15 21 21 27 25 25 21 14 13 28 30 27 31 23 18 10 24 26 12 24 14 26 13 27 23 20 24 25 27 26 22 11 26 28 26 24 25 23 23 31 27 25 24 23 24 22 13 30 28 26 26 29 29 18 24 22 31 20 22 14 22 28 26 25 25 15 21 20 21 20 28 15 24
15 23 22 21 26 14 24 22 15 27 26 25 14 29 26 23 24 17 21 x 19 18 22 27 24 23 11 11 22 23 18 25 30 22 25 27 16 22 28 17 25 13 23 17 23 24 23 27 22 27 19 15 21 24 24 23 25 23 22 25 25 27 18 22 23 22 26 23 11 21 23 21 26 10 12 24 24 24 22 28 16 25 22 21 21 21 13 24 26 16 17 25 27 22 22 22 12 28 25 15
24 28 18 10 11 16 16 21 21 11 28 20 22 23 27 16 27 23 22 19 x 25 25 20 13 16 25 26 22 20 22 15 22 19 23 31 18 21 25 22 11 11 25 25 24 28 26 25 10 26 21 21 22 23 22 25 22 19 24 30 24 23 22 13 28 19 25 21 24 21 13 22 20 25 29 23 29 23 23 28 27 11 21 30 32 17 19 21 22 26 22 22 27 29 27 21 24 22 21 21
24 25 23 21 24 16 16 18 23 22 24 30 17 21 23 22 28 14 21 18 25 x 24 26 28 20 23 26 19 22 23 23 25 30 22 28 21 26 26 25 14 22 11 18 23 23 22 24 25 15 28 10 13 24 18 13 26 20 24 28 25 24 21 12 18 24 27 12 16 16 28 23 16 16 13 18 17 20 24 21 11 25 15 27 23 21 21 23 10 24 23 15 24 23 26 20 24 26 24 24
24 21 23 21 22 22 24 30 26 19 27 19 19 21 18 11 31 25 14 22 25 24 x 15 23 10 12 26 15 23 24 15 11 13 25 27 20 23 21 24 25 15 20 22 16 25 24 22 19 22 25 21 22 27 11 21 14 11 22 25 27 22 21 12 18 25 27 21 28 23 25 24 24 23 22 22 21 27 22 17 25 19 19 23 13 25 14 25 20 12 29 11 26 23 23 18 24 24 15 24
22 10 11 20 24 27 21 27 21 24 20 20 23 27 25 24 25 21 26 27 20 26 15 x 23 25 22 26 23 22 22 28 23 25 13 26 24 23 23 22 19 26 24 10 15 31 15 27 10 27 23 24 16 27 23 23 18 18 21 20 15 26 22 22 16 15 31 16 29 22 27 13 10 27 24 21 28 22 28 21 16 13 23 20 24 27 23 22 19 23 21 20 11 26 28 28 21 21 21 24
22 31 27 23 19 16 26 12 23 24 23 23 22 23 24 21 26 21 24 24 13 28 23 23 x 17 22 13 18 24 23 22 28 11 10 27 23 11 25 23 21 18 21 23 21 25 21 23 23 13 23 27 22 26 21 20 15 12 20 18 25 10 21 22 24 24 28 25 26 30 21 12 17 23 23 24 26 28 30 16 27 24 20 27 23 16 11 19 22 24 21 23 31 21 25 15 21 23 23 22
23 25 24 11 21 23 25 23 18 11 23 22 20 11 13 20 25 24 20 23 16 20 10 25 17 x 22 22 23 21 21 22 21 23 19 24 10 22 25 30 21 21 10 17 23 22 24 20 25 12 17 19 22 31 21 12 24 20 14 26 24 21 21 18 23 16 27 21 21 13 26 21 21 13 23 20 27 22 23 21 19 21 11 27 21 21 20 21 10 22 27 21 16 23 23 23 21 21 24 18
14 29 11 22 27 24 24 27 14 21 22 14 24 23 27 23 28 22 10 11 25 23 12 22 22 22 x 22 11 21 20 21 23 11 18 16 24 27 21 28 21 24 20 28 21 19 23 21 24 21 25 17 10 15 23 25 22 21 21 24 30 16 17 22 22 25 25 31 22 14 24 20 25 18 20 18 24 22 23 26 13 14 23 21 10 17 21 21 27 23 20 23 25 21 11 11 21 26 25 19
24 23 23 25 17 25 28 25 10 24 17 22 25 23 22 17 24 16 15 11 26 26 26 26 13 22 22 x 23 28 22 18 26 24 23 24 20 24 28 18 24 21 23 24 16 25 22 23 25 26 30 18 20 13 32 15 25 21 26 14 14 21 27 26 22 11 27 22 16 28 32 24 21 21 23 24 14 24 24 20 23 20 11 25 22 26 24 24 23 22 24 24 26 24 28 25 21 18 14 18
19 29 22 21 23 21 14 21 24 24 25 13 13 21 21 20 17 20 21 22 22 19 15 23 18 23 11 23 x 21 11 10 26 22 22 21 23 25 17 22 11 20 20 21 22 14 16 21 22 24 22 16 21 16 23 18 23 10 21 20 27 22 20 14 11 22 24 28 27 20 29 16 23 25 14 23 24 18 16 22 22 22 12 22 21 23 10 22 20 18 26 24 18 22 22 22 21 23 21 21
22 26 24 21 29 17 20 20 27 25 24 25 23 23 24 21 28 22 21 23 20 22 23 22 24 21 21 28 21 x 24 17 22 24 22 24 23 30 24 16 10 16 11 23 23 16 11 23 17 27 16 31 24 22 17 22 21 12 23 14 27 20 14 21 24 24 28 26 28 24 27 23 28 13 23 22 16 13 14 25 22 28 22 14 17 23 13 23 14 24 24 26 30 26 10 24 20 22 20 20
18 22 26 24 22 20 23 26 13 21 26 22 21 11 20 20 28 19 27 18 22 23 24 22 23 21 20 22 11 24 x 13 22 23 14 17 17 26 23 24 22 21 20 26 26 24 23 23 12 21 11 23 10 21 16 25 24 15 26 21 24 20 10 25 18 11 28 17 24 25 25 11 23 14 22 24 23 26 24 22 16 13 23 21 12 28 20 25 21 24 15 13 16 21 25 23 20 21 21 21
25 24 22 23 23 23 13 25 25 22 25 15 23 24 22 16 25 10 25 25 15 23 15 28 22 22 21 18 10 17 13 x 26 26 21 22 13 26 22 28 21 12 24 27 17 24 23 20 24 17 12 23 13 24 23 22 25 20 21 26 23 15 12 24 13 24 18 22 24 24 23 18 25 20 24 22 18 25 13 13 12 26 20 24 21 25 20 12 23 26 16 19 18 16 21 15 22 23 20 24
23 25 12 25 21 22 13 25 25 11 29 23 17 15 20 22 25 20 25 30 22 25 11 23 28 21 23 26 26 22 22 26 x 20 26 21 25 29 10 15 24 26 28 22 10 28 25 22 20 24 27 22 22 22 22 12 16 18 18 14 24 29 19 21 23 27 24 21 31 22 22 16 23 23 18 26 23 22 23 23 28 25 22 12 24 21 20 21 26 23 22 22 29 21 12 20 22 25 14 23
24 30 16 26 30 24 24 20 25 20 18 22 28 34 20 24 24 26 21 22 19 30 13 25 11 23 11 24 22 24 23 26 20 x 21 20 24 22 21 26 21 28 24 24 10 30 25 29 24 24 23 27 21 24 24 17 21 23 20 15 19 21 27 21 21 23 23 24 22 21 28 23 27 23 20 13 30 18 26 24 24 25 22 21 21 12 22 24 23 25 26 22 30 10 14 22 24 26 22 11
23 23 23 24 21 16 26 22 27 22 22 13 20 21 20 21 16 11 14 25 23 22 25 13 10 19 18 23 22 22 14 21 26 21 x 18 21 21 21 27 23 23 11 16 25 19 11 21 23 23 13 17 16 25 26 24 12 22 17 17 23 20 22 26 23 24 24 28 30 26 20 10 23 27 28 16 22 25 28 15 22 23 13 26 21 23 12 12 25 20 26 23 21 25 23 22 19 21 13 22
21 23 21 25 21 24 20 20 30 20 23 16 26 27 22 28 27 26 13 27 31 28 27 26 27 24 16 24 21 24 17 22 21 20 18 x 27 29 21 29 22 21 20 23 25 25 13 27 26 14 19 23 20 23 16 21 22 18 20 13 17 23 27 29 10 23 19 26 29 24 18 27 22 26 20 21 20 24 28 27 23 23 13 21 16 26 18 10 28 26 12 25 23 10 25 20 23 18 17 14
25 27 23 21 18 24 26 26 12 15 24 12 21 21 23 10 22 23 28 16 18 21 20 24 23 10 24 20 23 23 17 13 25 24 21 27 x 26 25 26 21 19 18 20 23 24 14 23 17 22 23 22 21 30 27 22 22 13 24 16 24 24 19 12 23 19 23 18 11 23 21 11 14 23 24 26 27 24 25 19 16 22 21 30 22 12 20 25 11 25 28 29 19 25 13 25 19 22 28 26
13 21 24 31 10 24 28 20 30 20 12 28 24 29 13 26 21 25 30 22 21 26 23 23 11 22 27 24 25 30 26 26 29 22 21 29 26 x 21 26 26 26 25 13 23 26 28 28 24 24 27 26 30 22 29 24 15 23 20 23 29 21 16 14 27 29 18 22 25 33 18 21 22 26 27 28 27 24 25 24 17 26 16 23 18 27 22 21 25 25 20 21 26 25 20 23 10 23 24 25
21 24 22 23 26 22 12 21 24 18 21 13 25 22 20 15 24 12 27 28 25 26 21 23 25 25 21 28 17 24 23 22 10 21 21 21 25 21 x 13 24 29 26 27 20 27 16 20 23 15 19 27 22 24 20 18 26 16 21 24 16 19 21 21 22 24 23 21 29 12 12 15 13 23 16 16 21 25 25 27 19 15 21 22 19 23 23 20 26 23 13 25 22 11 22 10 19 25 24 22
20 26 25 20 26 24 23 20 28 26 14 22 17 24 19 26 25 25 31 17 22 25 24 22 23 30 28 18 22 16 24 28 15 26 27 29 26 26 13 x 11 30 21 24 16 29 16 24 12 28 32 22 27 28 24 23 29 13 24 29 15 29 29 27 29 14 29 27 28 25 25 24 19 27 24 23 20 18 15 33 27 21 23 27 28 19 19 29 22 27 17 27 30 24 25 19 28 23 21 21
13 22 14 11 22 22 22 10 17 18 25 21 23 22 19 25 23 22 23 25 11 14 25 19 21 21 21 24 11 10 22 21 24 21 23 22 21 26 24 11 x 20 21 28 22 23 21 28 11 21 26 22 21 22 17 24 18 17 20 23 25 23 22 20 21 25 22 23 25 20 24 13 21 23 24 12 25 23 22 22 25 18 13 24 24 22 21 23 11 24 21 23 20 20 20 24 20 12 10 10
13 19 22 18 21 27 25 23 24 20 23 27 21 20 21 15 16 22 18 13 11 22 15 26 18 21 24 21 20 16 21 12 26 28 23 21 19 26 29 30 20 x 22 29 22 22 20 29 21 29 10 15 25 26 11 24 16 20 29 23 26 20 21 24 22 27 26 10 13 17 24 30 23 15 23 16 21 24 21 21 22 20 10 19 28 23 24 11 30 25 20 24 29 25 25 21 20 26 23 26
21 24 23 21 23 19 18 23 28 21 13 22 24 13 23 20 26 21 10 23 25 11 20 24 21 10 20 23 20 11 20 24 28 24 11 20 18 25 26 21 21 22 x 25 24 12 20 20 28 22 18 21 24 24 26 22 23 14 13 20 28 19 20 23 13 13 28 23 19 23 25 21 17 23 24 23 22 20 25 26 16 22 12 24 24 12 10 12 20 23 17 26 25 15 21 22 21 23 24 14
20 20 21 21 23 17 15 23 31 26 20 27 14 22 26 30 26 23 24 17 25 18 22 10 23 17 28 24 21 23 26 27 22 24 16 23 20 13 27 24 28 29 25 x 23 26 20 22 20 26 29 25 24 25 21 21 25 11 22 10 25 24 24 12 21 25 24 20 27 25 29 23 20 19 14 26 21 22 25 21 26 23 21 10 23 17 28 27 21 21 14 22 13 24 27 23 23 24 29 30
22 24 22 18 23 22 14 19 20 21 28 24 23 25 10 27 25 20 26 23 24 23 16 15 21 23 21 16 22 23 26 17 10 10 25 25 23 23 20 16 22 22 24 23 x 23 23 19 14 21 17 21 26 23 26 11 26 17 27 24 25 22 17 11 23 26 25 23 29 24 29 24 22 13 14 23 24 21 22 26 24 22 12 22 24 21 27 22 22 27 28 27 26 20 22 27 22 28 12 21
15 21 20 18 23 12 15 13 24 26 22 22 12 25 13 19 24 25 12 24 28 23 25 31 25 22 19 25 14 16 24 24 28 30 19 25 24 26 27 29 23 22 12 26 23 x 27 22 24 13 29 26 16 12 22 24 30 17 10 17 25 29 23 24 25 25 24 26 13 28 22 22 28 25 22 23 26 14 26 22 23 25 24 25 12 23 22 24 17 27 23 21 23 20 26 26 20 23 24 23
21 25 25 22 25 22 28 28 26 15 25 24 25 16 20 20 23 21 24 23 26 22 24 15 21 24 23 22 16 11 23 23 25 25 11 13 14 28 16 16 21 20 20 20 23 27 x 24 17 24 24 22 13 23 27 28 21 23 26 25 28 16 20 25 23 14 22 25 25 28 22 21 17 22 24 12 26 24 17 26 11 24 14 20 23 23 10 16 16 13 20 23 26 20 13 14 22 25 24 22
16 23 22 23 26 22 28 21 24 30 21 11 26 21 15 29 26 10 14 27 25 24 22 27 23 20 21 23 21 23 23 20 22 29 21 27 23 28 20 24 28 29 20 22 19 22 24 x 21 26 31 26 24 24 31 21 31 11 12 26 23 22 25 27 22 12 20 28 25 25 23 23 25 27 22 27 23 18 22 27 25 14 21 25 12 21 21 20 21 23 25 28 20 22 22 10 22 26 29 24
24 19 21 20 14 21 11 21 22 14 18 10 25 23 24 14 23 21 26 22 10 25 19 10 23 25 24 25 22 17 12 24 20 24 23 26 17 24 23 12 11 21 28 20 14 24 17 21 x 24 23 25 18 23 28 25 25 18 28 23 25 19 22 23 22 21 21 24 28 26 23 23 11 26 19 18 25 22 26 28 26 21 16 27 24 20 24 24 22 29 24 15 21 27 27 26 26 17 11 21
25 32 23 23 16 15 25 11 28 22 27 23 25 16 11 17 30 24 13 27 26 15 22 27 13 12 21 26 24 27 21 17 24 24 23 14 22 24 15 28 21 29 22 26 21 13 24 26 24 x 26 24 11 22 27 24 22 15 21 27 26 23 21 27 23 27 18 23 23 25 19 20 28 24 26 28 22 15 29 29 24 25 22 27 23 13 14 23 18 16 21 22 28 21 27 25 21 26 28 22
20 23 31 20 28 28 18 29 24 26 21 26 17 22 21 21 26 22 27 19 21 28 25 23 23 17 25 30 22 16 11 12 27 23 13 19 23 27 19 32 26 10 18 29 17 29 24 31 23 26 x 22 15 26 21 26 25 26 19 25 33 27 11 28 25 22 23 18 23 27 31 22 13 25 20 26 26 23 23 11 24 24 20 22 22 30 21 21 22 32 25 21 27 19 26 26 21 25 26 24
15 20 26 11 17 19 26 28 13 24 22 29 15 24 21 12 18 18 23 15 21 10 21 24 27 19 17 18 16 31 23 23 22 27 17 23 22 26 27 22 22 15 21 25 21 26 22 26 25 24 22 x 13 24 23 10 21 20 25 25 24 19 22 22 22 28 26 22 24 15 30 23 21 22 11 21 19 20 21 18 11 20 10 22 14 21 22 20 20 24 23 10 14 21 27 25 20 29 19 24
24 21 21 24 21 16 26 21 23 11 19 24 20 21 22 25 20 23 20 21 22 13 22 16 22 22 10 20 21 24 10 13 22 21 16 20 21 30 22 27 21 25 24 24 26 16 13 24 18 11 15 13 x 11 16 22 21 25 21 23 23 19 16 25 22 16 28 21 26 21 24 10 26 13 19 21 17 23 23 23 23 21 18 21 12 24 23 15 23 26 10 23 26 11 21 21 26 21 23 11
13 20 17 30 12 24 27 22 19 22 25 29 24 21 25 28 17 25 24 24 23 24 27 27 26 31 15 13 16 22 21 24 22 24 25 23 30 22 24 28 22 26 24 25 23 12 23 24 23 22 26 24 11 x 27 24 23 19 22 23 24 30 18 28 14 24 21 24 25 27 23 21 23 24 18 11 14 24 21 25 27 22 23 17 23 31 19 22 29 23 11 18 28 22 20 24 26 11 12 17
21 13 25 28 25 32 25 27 27 24 22 25 10 27 26 20 21 28 25 24 22 18 11 23 21 21 23 32 23 17 16 23 22 24 26 16 27 29 20 24 17 11 26 21 26 22 27 31 28 27 21 23 16 27 x 23 25 22 24 29 19 11 25 22 23 25 22 21 24 26 22 20 27 26 12 24 21 20 23 25 29 17 21 28 22 31 21 14 26 23 24 19 21 22 26 23 24 24 26 27
11 13 21 15 27 21 25 21 23 20 24 22 20 21 14 17 24 27 27 23 25 13 21 23 20 12 25 15 18 22 25 22 12 17 24 21 22 24 18 23 24 24 22 21 11 24 28 21 25 24 26 10 22 24 23 x 26 10 21 21 14 19 17 22 22 18 27 22 29 24 26 27 20 24 11 23 24 10 11 15 21 22 20 23 21 29 21 24 20 23 24 20 24 11 21 22 18 21 23 24
15 21 14 28 11 26 24 24 27 21 27 24 20 24 28 14 27 23 26 25 22 26 14 18 15 24 22 25 23 21 24 25 16 21 12 22 22 15 26 29 18 16 23 25 26 30 21 31 25 22 25 21 21 23 25 26 x 25 23 25 17 25 24 18 12 24 13 23 22 20 14 22 24 24 23 20 21 25 23 23 25 31 22 15 24 17 20 22 17 26 21 11 27 20 11 24 18 27 23 10
21 22 27 24 17 11 21 21 23 25 23 22 23 11 21 22 27 21 22 23 19 20 11 18 12 20 21 21 10 12 15 20 18 23 22 18 13 23 16 13 17 20 14 11 17 17 23 11 18 15 26 20 25 19 22 10 25 x 11 21 24 20 21 21 21 21 26 24 24 28 23 24 21 25 11 23 14 20 21 21 19 17 10 21 21 19 17 16 10 23 25 22 21 20 22 12 15 21 23 24
23 11 24 14 14 22 25 10 18 18 23 23 22 22 17 25 22 22 11 22 24 24 22 21 20 14 21 26 21 23 26 21 18 20 17 20 24 20 21 24 20 29 13 22 27 10 26 12 28 21 19 25 21 22 24 21 23 11 x 27 24 23 20 17 20 23 28 23 23 23 12 25 24 24 20 23 25 24 27 26 29 15 20 22 22 20 23 24 21 28 21 21 16 10 20 21 10 22 26 13
10 17 21 20 30 24 14 30 22 24 24 24 22 27 24 24 26 28 26 25 30 28 25 20 18 26 24 14 20 14 21 26 14 15 17 13 16 23 24 29 23 23 20 10 24 17 25 26 23 27 25 25 23 23 29 21 25 21 27 x 28 28 14 22 23 25 25 30 27 32 27 22 17 27 24 28 28 12 25 15 19 26 19 20 17 27 21 19 23 22 23 27 23 23 22 21 24 28 28 23
25 13 25 26 23 25 15 15 21 13 23 27 16 25 27 27 10 13 28 25 24 25 27 15 25 24 30 14 27 27 24 23 24 19 23 17 24 29 16 15 25 26 28 25 25 25 28 23 25 26 33 24 23 24 19 14 17 24 24 28 x 17 25 15 27 25 26 23 27 20 27 13 25 27 25 21 15 23 25 27 28 26 25 26 24 17 20 16 16 19 24 23 23 25 25 24 20 15 28 25
23 24 19 19 18 23 28 22 27 26 21 26 21 24 21 31 27 23 26 27 23 24 22 26 10 21 16 21 22 20 20 15 29 21 20 23 24 21 19 29 23 20 19 24 22 29 16 22 19 23 27 19 19 30 11 19 25 20 23 28 17 x 27 12 25 15 26 27 27 24 11 22 16 24 23 27 25 29 26 23 22 20 10 17 26 26 21 18 23 25 24 29 27 25 17 12 20 19 23 23
18 12 28 15 20 22 25 20 23 21 26 27 28 13 10 10 22 21 24 18 22 21 21 22 21 21 17 27 20 14 10 12 19 27 22 27 19 16 21 29 22 21 20 24 17 23 20 25 22 21 11 22 16 18 25 17 24 21 20 14 25 27 x 22 25 19 30 22 25 31 21 21 24 24 16 24 15 26 20 22 24 23 20 23 22 22 10 22 11 23 23 22 26 24 20 15 10 23 25 27
22 15 11 23 24 25 24 22 24 14 24 24 12 22 21 22 24 23 25 22 13 12 12 22 22 18 22 26 14 21 25 24 21 21 26 29 12 14 21 27 20 24 23 12 11 24 25 27 23 27 28 22 25 28 22 22 18 21 17 22 15 12 22 x 25 15 24 24 23 22 22 16 26 12 25 18 26 22 26 22 23 24 16 20 25 22 17 22 11 23 26 23 15 27 22 24 12 26 23 24
27 18 22 22 22 24 25 12 23 21 15 24 24 26 23 26 28 23 23 23 28 18 18 16 24 23 22 22 11 24 18 13 23 21 23 10 23 27 22 29 21 22 13 21 23 25 23 22 22 23 25 22 22 14 23 22 12 21 20 23 27 25 25 25 x 24 25 25 27 26 19 23 12 24 11 22 21 27 22 18 13 25 15 11 21 25 21 11 25 22 22 23 27 11 15 21 19 24 11 22
25 12 25 18 28 27 29 23 21 25 25 11 20 12 27 21 31 15 23 22 19 24 25 15 24 16 25 11 22 24 11 24 27 23 24 23 19 29 24 14 25 27 13 25 26 25 14 12 21 27 22 28 16 24 25 18 24 21 23 25 25 15 19 15 24 x 22 17 27 22 26 18 16 25 23 26 25 23 13 28 25 23 22 24 23 21 22 25 23 13 23 22 23 13 25 22 23 21 25 27
28 25 24 33 14 21 11 29 26 24 24 11 12 24 26 27 21 23 31 26 25 27 27 31 28 27 25 27 24 28 28 18 24 23 24 19 23 18 23 29 22 26 28 24 25 24 22 20 21 18 23 26 28 21 22 27 13 26 28 25 26 26 30 24 25 22 x 26 31 27 27 22 25 27 22 10 25 22 24 12 28 25 16 14 16 21 24 21 20 25 25 21 25 23 24 27 26 14 28 17
23 25 27 17 12 25 28 13 24 10 13 28 17 26 13 24 26 26 27 23 21 12 21 16 25 21 31 22 28 26 17 22 21 24 28 26 18 22 21 27 23 10 23 20 23 26 25 28 24 23 18 22 21 24 21 22 23 24 23 30 23 27 22 24 25 17 26 x 23 27 16 22 22 25 25 26 26 22 22 29 23 25 20 25 27 30 27 16 22 22 14 23 19 23 30 24 23 16 26 22
26 26 24 26 28 20 28 15 11 25 29 20 25 32 26 21 24 19 25 11 24 16 28 29 26 21 22 16 27 28 24 24 31 22 30 29 11 25 29 28 25 13 19 27 29 13 25 25 28 23 23 24 26 25 24 29 22 24 23 27 27 27 25 23 27 27 31 23 x 17 26 22 22 21 18 25 30 27 28 28 21 16 17 32 25 10 24 24 21 21 26 31 29 25 24 29 15 28 30 15
22 32 11 24 31 19 24 27 24 22 23 16 16 24 26 27 22 15 24 21 21 16 23 22 30 13 14 28 20 24 25 24 22 21 26 24 23 33 12 25 20 17 23 25 24 28 28 25 26 25 27 15 21 27 26 24 20 28 23 32 20 24 31 22 26 22 27 27 17 x 24 25 25 11 26 20 18 22 28 18 17 27 24 28 19 15 23 22 23 21 25 25 25 23 24 22 30 32 30 10
24 22 28 23 24 12 22 21 30 17 24 25 24 25 19 27 23 24 23 23 13 28 25 27 21 26 24 32 29 27 25 23 22 28 20 18 21 18 12 25 24 24 25 29 29 22 22 23 23 19 31 30 24 23 22 26 14 23 12 27 27 11 21 22 19 26 27 16 26 24 x 14 25 31 23 28 19 29 15 27 23 24 21 27 19 19 24 23 26 16 20 21 28 18 21 13 11 25 28 24
24 22 24 24 11 18 27 23 23 21 16 23 10 20 14 21 17 21 24 21 22 23 24 13 12 21 20 24 16 23 11 18 16 23 10 27 11 21 15 24 13 30 21 23 24 22 21 23 23 20 22 23 10 21 20 27 22 24 25 22 13 22 21 16 23 18 22 22 22 25 14 x 23 23 21 21 26 20 21 24 27 21 22 24 11 17 22 22 22 23 20 22 23 21 24 25 25 11 23 21
24 18 21 10 15 17 22 24 11 24 10 14 22 22 23 24 23 23 22 26 20 16 24 10 17 21 25 21 23 28 23 25 23 27 23 22 14 22 13 19 21 23 17 20 22 28 17 25 11 28 13 21 26 23 27 20 24 21 24 17 25 16 24 26 12 16 25 22 22 25 25 23 x 23 23 27 32 26 22 24 25 21 26 21 24 24 22 23 21 24 26 25 18 17 27 21 29 12 22 21
25 22 22 24 28 19 27 28 14 24 27 27 24 24 23 30 17 20 13 10 25 16 23 27 23 13 18 21 25 13 14 20 23 23 27 26 23 26 23 27 23 15 23 19 13 25 22 27 26 24 25 22 13 24 26 24 24 25 24 27 27 24 24 12 24 25 27 25 21 11 31 23 23 x 19 28 14 26 17 29 11 23 23 25 25 17 23 24 23 26 17 24 26 24 13 27 22 27 25 21
22 23 25 22 28 22 24 20 24 23 23 27 19 22 24 23 23 27 30 12 29 13 22 24 23 23 20 23 14 23 22 24 18 20 28 20 24 27 16 24 24 23 24 14 14 22 24 22 19 26 20 11 19 18 12 11 23 11 20 24 25 23 16 25 11 23 22 25 18 26 23 21 23 19 x 12 14 16 11 25 22 27 21 22 10 19 24 22 14 13 28 21 25 10 23 23 24 21 22 22
23 21 20 23 22 26 21 22 16 17 24 21 22 28 23 24 11 17 28 24 23 18 22 21 24 20 18 24 23 22 24 22 26 13 16 21 26 28 16 23 12 16 23 26 23 23 12 27 18 28 26 21 21 11 24 23 20 23 23 28 21 27 24 18 22 26 10 26 25 20 28 21 27 28 12 x 17 16 23 22 23 15 22 23 22 21 14 11 23 19 17 11 27 22 25 21 23 18 22 10
24 20 21 27 21 15 25 22 24 19 24 29 23 25 14 25 25 24 26 24 29 17 21 28 26 27 24 14 24 16 23 18 23 30 22 20 27 27 21 20 25 21 22 21 24 26 26 23 25 22 26 19 17 14 21 24 21 14 25 28 15 25 15 26 21 25 25 26 30 18 19 26 32 14 14 17 x 29 25 22 25 30 20 11 15 21 25 10 19 22 22 10 17 24 25 13 24 25 26 27
11 23 11 25 20 26 22 26 24 12 17 12 10 27 24 26 15 23 26 24 23 20 27 22 28 22 22 24 18 13 26 25 22 18 25 24 24 24 25 18 23 24 20 22 21 14 24 18 22 15 23 20 23 24 20 10 25 20 24 12 23 29 26 22 27 23 22 22 27 22 29 20 26 26 16 16 29 x 21 25 31 27 30 27 14 22 17 22 22 23 16 27 23 21 23 22 27 23 23 24
22 21 25 26 19 14 24 22 17 12 21 24 29 20 23 15 33 23 29 22 23 24 22 28 30 23 23 24 16 14 24 13 23 26 28 28 25 25 25 15 22 21 25 25 22 26 17 22 26 29 23 21 23 21 23 11 23 21 27 25 25 26 20 26 22 13 24 22 28 28 15 21 22 17 11 23 25 21 x 26 25 22 28 24 21 21 22 22 19 13 29 27 30 21 12 15 22 10 30 24
24 16 26 29 26 19 23 24 20 25 28 23 19 22 24 28 18 18 29 28 28 21 17 21 16 21 26 20 22 25 22 13 23 24 15 27 19 24 27 33 22 21 26 21 26 22 26 27 28 29 11 18 23 25 25 15 23 21 26 15 27 23 22 22 18 28 12 29 28 18 27 24 24 29 25 22 22 25 26 x 25 28 23 11 19 22 27 25 11 22 22 23 28 26 28 17 27 16 20 13
26 26 24 22 23 11 21 23 24 26 21 24 26 17 23 23 28 15 18 16 27 11 25 16 27 19 13 23 22 22 16 12 28 24 22 23 16 17 19 27 25 22 16 26 24 23 11 25 26 24 24 11 23 27 29 21 25 19 29 19 28 22 24 23 13 25 28 23 21 17 23 27 25 11 22 23 25 31 25 25 x 22 12 16 23 28 17 20 21 24 27 20 23 24 24 24 22 18 24 27
27 22 23 21 21 15 25 14 10 22 27 25 27 22 21 27 18 19 24 25 11 25 19 13 24 21 14 20 22 28 13 26 25 25 23 23 22 26 15 21 18 20 22 23 22 25 24 14 21 25 24 20 21 22 17 22 31 17 15 26 26 20 23 24 25 23 25 25 16 27 24 21 21 23 27 15 30 27 22 28 22 x 10 22 24 26 27 21 23 24 11 21 24 24 25 24 20 12 19 25
20 21 27 21 11 21 26 20 20 21 25 19 22 15 11 22 22 24 22 22 21 15 19 23 20 11 23 11 12 22 23 20 22 22 13 13 21 16 21 23 13 10 12 21 12 24 14 21 16 22 20 10 18 23 21 20 22 10 20 19 25 10 20 16 15 22 16 20 17 24 21 22 26 23 21 22 20 30 28 23 12 10 x 26 24 24 22 21 20 25 16 20 24 15 20 15 10 22 13 23
23 22 17 28 22 26 25 22 30 23 26 25 24 24 25 29 29 29 31 21 30 27 23 20 27 27 21 25 22 14 21 24 12 21 26 21 30 23 22 27 24 19 24 10 22 25 20 25 27 27 22 22 21 17 28 23 15 21 22 20 26 17 23 20 11 24 14 25 32 28 27 24 21 25 22 23 11 27 24 11 16 22 26 x 13 25 24 21 22 11 11 12 21 22 17 24 27 14 22 24
24 33 21 25 22 21 27 20 24 23 14 23 21 18 25 24 27 22 20 21 32 23 13 24 23 21 10 22 21 17 12 21 24 21 21 16 22 18 19 28 24 28 24 23 24 12 23 12 24 23 22 14 12 23 22 21 24 21 22 17 24 26 22 25 21 23 16 27 25 19 19 11 24 25 10 22 15 14 21 19 23 24 24 13 x 27 27 25 24 15 22 24 23 20 21 21 28 22 28 23
18 20 19 27 28 20 30 24 21 26 25 10 25 22 24 22 18 17 22 21 17 21 25 27 16 21 17 26 23 23 28 25 21 12 23 26 12 27 23 19 22 23 12 17 21 23 23 21 20 13 30 21 24 31 31 29 17 19 20 27 17 26 22 22 25 21 21 30 10 15 19 17 24 17 19 21 21 22 21 22 28 26 24 25 27 x 22 24 11 29 29 28 27 22 15 26 25 28 27 23
11 22 22 12 27 12 22 18 26 17 23 23 23 23 20 10 25 11 14 13 19 21 14 23 11 20 21 24 10 13 20 20 20 22 12 18 20 22 23 19 21 24 10 28 27 22 10 21 24 14 21 22 23 19 21 21 20 17 23 21 20 21 10 17 21 22 24 27 24 23 24 22 22 23 24 14 25 17 22 27 17 27 22 24 27 22 x 22 21 13 27 16 21 25 23 22 20 23 18 24
21 13 11 24 11 24 15 23 24 10 21 20 24 22 12 24 22 21 22 24 21 23 25 22 19 21 21 24 22 23 25 12 21 24 12 10 25 21 20 29 23 11 12 27 22 24 16 20 24 23 21 20 15 22 14 24 22 16 24 19 16 18 22 22 11 25 21 16 24 22 23 22 23 24 22 11 10 22 22 25 20 21 21 21 25 24 22 x 25 23 22 20 27 20 24 10 14 24 22 21
24 23 22 21 25 14 24 19 13 15 26 21 23 11 13 21 26 14 28 26 22 10 20 19 22 10 27 23 20 14 21 23 26 23 25 28 11 25 26 22 11 30 20 21 22 17 16 21 22 18 22 20 23 29 26 20 17 10 21 23 16 23 11 11 25 23 20 22 21 23 26 22 21 23 14 23 19 22 19 11 21 23 20 22 24 11 21 25 x 27 30 25 21 24 24 22 21 21 21 21
12 23 12 17 32 25 25 27 24 25 23 24 30 22 19 21 29 24 26 16 26 24 12 23 24 22 23 22 18 24 24 26 23 25 20 26 25 25 23 27 24 25 23 21 27 27 13 23 29 16 32 24 26 23 23 23 26 23 28 22 19 25 23 23 22 13 25 22 21 21 16 23 24 26 13 19 22 23 13 22 24 24 25 11 15 29 13 23 27 x 22 23 32 23 24 13 27 12 27 25
24 11 15 28 23 23 25 11 19 21 27 26 17 26 27 18 20 25 25 17 22 23 29 21 21 27 20 24 26 24 15 16 22 26 26 12 28 20 13 17 21 20 17 14 28 23 20 25 24 21 25 23 10 11 24 24 21 25 21 23 24 24 23 26 22 23 25 14 26 25 20 20 26 17 28 17 22 16 29 22 27 11 16 11 22 29 27 22 30 22 x 21 27 18 17 23 21 22 18 16
25 10 25 21 11 25 26 31 23 15 29 25 25 24 24 22 22 27 25 25 22 15 11 20 23 21 23 24 24 26 13 19 22 22 23 25 29 21 25 27 23 24 26 22 27 21 23 28 15 22 21 10 23 18 19 20 11 22 21 27 23 29 22 23 23 22 21 23 31 25 21 22 25 24 21 11 10 27 27 23 20 21 20 12 24 28 16 20 25 23 21 x 24 30 19 18 21 21 25 21
29 21 22 23 16 24 28 19 27 18 25 28 13 27 24 26 25 10 15 27 27 24 26 11 31 16 25 26 18 30 16 18 29 30 21 23 19 26 22 30 20 29 25 13 26 23 26 20 21 28 27 14 26 28 21 24 27 21 16 23 23 27 26 15 27 23 25 19 29 25 28 23 18 26 25 27 17 23 30 28 23 24 24 21 23 27 21 27 21 32 27 24 x 23 22 21 17 28 30 28
22 21 26 24 24 14 16 10 28 22 13 24 25 25 14 26 26 23 21 22 29 23 23 26 21 23 21 24 22 26 21 16 21 10 25 10 25 25 11 24 20 25 15 24 20 20 20 22 27 21 19 21 11 22 22 11 20 20 10 23 25 25 24 27 11 13 23 23 25 23 18 21 17 24 10 22 24 21 21 26 24 24 15 22 20 22 25 20 24 23 18 30 23 x 21 15 20 16 22 21
12 21 22 17 22 26 25 20 25 23 19 21 29 22 17 23 22 12 20 22 27 26 23 28 25 23 11 28 22 10 25 21 12 14 23 25 13 20 22 25 20 25 21 27 22 26 13 22 27 27 26 27 21 20 26 21 11 22 20 22 25 17 20 22 15 25 24 30 24 24 21 24 27 13 23 25 25 23 12 28 24 25 20 17 21 15 23 24 24 24 17 19 22 21 x 22 10 22 22 21
11 23 17 14 21 23 22 25 25 20 11 16 23 12 22 25 19 11 21 22 21 20 18 28 15 23 11 25 22 24 23 15 20 22 22 20 25 23 10 19 24 21 22 23 27 26 14 10 26 25 26 25 21 24 23 22 24 12 21 21 24 12 15 24 21 22 27 24 29 22 13 25 21 27 23 21 13 22 15 17 24 24 15 24 21 26 22 10 22 13 23 18 21 15 22 x 24 22 28 14
22 11 20 24 14 22 24 10 26 24 22 23 24 23 14 20 12 15 20 12 24 24 24 21 21 21 21 21 21 20 20 22 22 24 19 23 19 10 19 28 20 20 21 23 22 20 22 22 26 21 21 20 26 26 24 18 18 15 10 24 20 20 10 12 19 23 26 23 15 30 11 25 29 22 24 23 24 27 22 27 22 20 10 27 28 25 20 14 21 27 21 21 17 20 10 24 x 19 23 20
24 11 24 22 22 19 23 22 22 22 18 25 21 10 21 25 25 18 28 28 22 26 24 21 23 21 26 18 23 22 21 23 25 26 21 18 22 23 25 23 12 26 23 24 28 23 25 26 17 26 25 29 21 11 24 21 27 21 22 28 15 19 23 26 24 21 14 16 28 32 25 11 12 27 21 18 25 23 10 16 18 12 22 14 22 28 23 24 21 12 22 21 28 16 22 22 19 x 22 22
20 17 24 20 14 16 22 19 24 24 26 21 21 28 22 25 29 24 15 25 21 24 15 21 23 24 25 14 21 20 21 20 14 22 13 17 28 24 24 21 10 23 24 29 12 24 24 29 11 28 26 19 23 12 26 23 23 23 26 28 28 23 25 23 11 25 28 26 30 30 28 23 22 25 22 22 26 23 30 20 24 19 13 22 28 27 18 22 21 27 18 25 30 22 22 28 23 22 x 20
13 24 13 21 21 16 26 17 26 12 25 26 26 26 26 24 21 25 24 15 21 24 24 24 22 18 19 18 21 20 21 24 23 11 22 14 26 25 22 21 10 26 14 30 21 23 22 24 21 22 24 24 11 17 27 24 10 24 13 23 25 23 27 24 22 27 17 22 15 10 24 21 21 21 22 10 27 24 24 13 27 25 23 24 23 23 24 21 21 25 16 21 28 21 21 14 20 22 20 x