50
17
A B C D E F G H I J K L M N O P Q R S T U V W X Y Z a b c d e f g h i j k l m n o p q r s t u v w x 
I N n q g w s C V e m a K F R i O
W 
x 2 2 1 3 1 1 2 2 3 3 2 2 2 1 2 2 2 3 3 1 3 2 1 2 3 2 2 2 2 2 2 1 1 2 1 4 3 2 1 3 3 3 3 2 2 2 3 2 3
2 x 3 2 3 2 3 3 2 2 2 2 2 3 3 2 2 3 3 2 1 2 2 2 2 3 3 2 2 3 1 3 2 3 1 2 3 1 3 3 2 3 3 1 2 3 3 1 2 2
2 3 x 2 3 2 2 1 2 1 2 2 3 1 3 3 1 1 2 3 3 2 3 1 3 3 1 2 2 2 2 3 3 1 2 3 2 2 3 2 2 2 3 3 2 2 2 2 1 1
1 2 2 x 3 2 2 3 3 2 3 2 3 3 2 2 1 2 3 2 2 3 3 2 3 3 3 2 3 1 1 3 2 2 3 2 3 2 3 2 2 2 2 3 2 3 1 2 2 2
3 3 3 3 x 3 2 2 2 3 3 2 1 3 4 3 3 3 3 4 3 3 3 3 4 4 3 2 4 3 3 3 4 3 3 2 3 3 3 2 3 2 1 2 3 3 2 2 3 3
1 2 2 2 3 x 2 1 2 3 3 2 3 2 2 1 2 2 3 2 2 2 3 2 2 4 2 1 2 2 2 3 2 2 2 2 3 2 2 2 2 2 2 2 1 3 2 2 1 2
1 3 2 2 2 2 x 3 1 2 3 1 2 2 2 3 3 1 2 3 2 3 3 2 3 2 3 2 3 3 2 3 2 2 2 2 3 2 2 2 2 3 3 2 2 2 2 2 1 2
2 3 1 3 2 1 3 x 2 2 3 2 3 2 2 2 2 2 3 3 3 1 2 2 3 3 1 2 3 3 3 3 2 2 2 3 3 2 2 3 1 1 2 3 2 3 2 3 2 2
2 2 2 3 2 2 1 2 x 1 2 2 3 1 2 2 2 1 3 2 1 3 2 2 2 3 3 2 2 2 2 2 3 3 1 2 2 2 2 2 2 2 3 3 1 2 2 2 1 1
3 2 1 2 3 3 2 2 1 x 2 3 3 1 2 2 1 2 3 3 2 3 2 2 2 2 2 2 1 1 3 2 2 2 1 3 1 2 3 2 2 2 3 3 2 3 3 2 2 2
3 2 2 3 3 3 3 3 2 2 x 2 3 2 4 2 3 2 3 3 3 3 2 2 2 4 3 3 2 3 2 3 2 3 1 4 3 2 3 2 2 3 2 3 3 1 3 3 2 1
2 2 2 2 2 2 1 2 2 3 2 x 1 2 2 3 2 2 1 2 3 2 2 3 3 2 2 2 3 2 1 3 3 1 2 2 3 2 1 2 1 3 3 1 2 3 2 1 2 2
2 2 3 3 1 3 2 3 3 3 3 1 x 2 3 2 2 2 2 3 2 2 3 3 4 3 3 2 3 2 2 2 3 2 3 1 2 3 2 1 2 3 2 2 3 2 3 1 2 3
2 3 1 3 3 2 2 2 1 1 2 2 2 x 2 2 2 2 2 2 2 2 2 2 2 3 2 3 2 2 2 3 3 2 2 3 2 3 2 1 3 1 3 2 1 2 2 3 2 2
1 3 3 2 4 2 2 2 2 2 4 2 3 2 x 3 2 3 2 2 2 3 3 2 2 3 3 3 3 1 2 3 2 2 3 2 3 2 2 2 3 3 3 3 1 3 2 3 3 3
2 2 3 2 3 1 3 2 2 2 2 3 2 2 3 x 2 2 3 3 3 2 2 2 2 4 2 1 1 2 2 2 2 3 1 3 2 2 2 1 2 1 2 3 2 2 2 2 2 2
2 2 1 1 3 2 3 2 2 1 3 2 2 2 2 2 x 2 3 2 3 2 3 2 3 3 2 1 2 2 2 3 3 2 2 3 2 1 3 3 3 3 2 2 2 3 2 1 2 2
2 3 1 2 3 2 1 2 1 2 2 2 2 2 3 2 2 x 3 3 2 3 3 2 2 2 2 2 3 2 3 3 3 2 2 3 3 2 2 1 3 3 3 3 2 1 2 2 1 2
3 3 2 3 3 3 2 3 3 3 3 1 2 2 2 3 3 3 x 3 3 2 3 3 2 1 3 3 3 3 2 2 3 2 2 3 4 3 2 3 2 3 4 2 3 2 3 2 2 3
3 2 3 2 4 2 3 3 2 3 3 2 3 2 2 3 2 3 3 x 3 2 3 3 2 2 3 3 2 2 1 3 3 3 2 3 3 1 2 3 3 3 4 2 1 4 3 3 2 2
1 1 3 2 3 2 2 3 1 2 3 3 2 2 2 3 3 2 3 3 x 3 1 2 3 2 3 3 3 3 2 2 2 2 2 1 3 2 3 2 2 3 3 2 2 3 2 2 2 2
3 2 2 3 3 2 3 1 3 3 3 2 2 2 3 2 2 3 2 2 3 x 2 3 3 2 1 2 2 2 3 3 3 2 2 3 3 1 1 2 1 1 3 2 2 2 2 3 2 3
2 2 3 3 3 3 3 2 2 2 2 2 3 2 3 2 3 3 3 3 1 2 x 2 2 3 3 3 2 3 3 3 2 2 1 2 3 2 3 3 1 3 2 3 2 3 2 3 2 2
1 2 1 2 3 2 2 2 2 2 2 3 3 2 2 2 2 2 3 3 2 3 2 x 2 4 2 3 3 3 3 3 2 2 1 2 3 2 2 2 2 3 2 3 3 3 3 3 2 2
2 2 3 3 4 2 3 3 2 2 2 3 4 2 2 2 3 2 2 2 3 3 2 2 x 3 4 2 1 2 2 2 2 3 1 3 3 2 2 3 2 3 3 3 1 3 3 3 2 2
3 3 3 3 4 4 2 3 3 2 4 2 3 3 3 4 3 2 1 2 2 2 3 4 3 x 3 4 3 3 3 3 4 3 3 3 3 3 3 3 3 3 3 3 3 3 2 3 3 4
2 3 1 3 3 2 3 1 3 2 3 2 3 2 3 2 2 2 3 3 3 1 3 2 4 3 x 3 3 3 3 2 3 1 3 3 2 2 2 2 2 1 3 3 3 2 2 3 2 2
2 2 2 2 2 1 2 2 2 2 3 2 2 3 3 1 1 2 3 3 3 2 3 3 2 4 3 x 2 3 3 3 3 3 2 3 3 2 3 2 2 2 1 3 2 3 2 1 1 2
2 2 2 3 4 2 3 3 2 1 2 3 3 2 3 1 2 3 3 2 3 2 2 3 1 3 3 2 x 2 2 1 1 3 2 2 2 1 3 2 3 2 3 2 2 3 3 3 2 1
2 3 2 1 3 2 3 3 2 1 3 2 2 2 1 2 2 2 3 2 3 2 3 3 2 3 3 3 2 x 2 3 3 3 2 2 2 3 2 1 3 2 3 3 1 2 2 3 2 3
2 1 2 1 3 2 2 3 2 3 2 1 2 2 2 2 2 3 2 1 2 3 3 3 2 3 3 3 2 2 x 3 3 2 2 2 2 2 2 3 2 3 3 2 1 3 2 2 2 1
2 3 3 3 3 3 3 3 2 2 3 3 2 3 3 2 3 3 2 3 2 3 3 3 2 3 2 3 1 3 3 x 2 2 3 1 3 2 3 2 4 3 4 3 3 3 4 3 3 2
1 2 3 2 4 2 2 2 3 2 2 3 3 3 2 2 3 3 3 3 2 3 2 2 2 4 3 3 1 3 3 2 x 2 3 2 3 2 3 2 3 3 4 3 3 3 3 3 3 2
1 3 1 2 3 2 2 2 3 2 3 1 2 2 2 3 2 2 2 3 2 2 2 2 3 3 1 3 3 3 2 2 2 x 3 2 3 3 2 2 2 2 4 2 3 2 3 2 2 2
2 1 2 3 3 2 2 2 1 1 1 2 3 2 3 1 2 2 2 2 2 2 1 1 1 3 3 2 2 2 2 3 3 3 x 3 2 1 3 2 1 2 3 2 2 2 2 2 1 1
1 2 3 2 2 2 2 3 2 3 4 2 1 3 2 3 3 3 3 3 1 3 2 2 3 3 3 3 2 2 2 1 2 2 3 x 3 3 3 2 3 2 3 3 3 3 3 2 2 3
4 3 2 3 3 3 3 3 2 1 3 3 2 2 3 2 2 3 4 3 3 3 3 3 3 3 2 3 2 2 2 3 3 3 2 3 x 3 4 3 3 3 4 4 3 2 4 3 3 3
3 1 2 2 3 2 2 2 2 2 2 2 3 3 2 2 1 2 3 1 2 1 2 2 2 3 2 2 1 3 2 2 2 3 1 3 3 x 2 2 2 2 3 1 2 3 2 2 1 2
2 3 3 3 3 2 2 2 2 3 3 1 2 2 2 2 3 2 2 2 3 1 3 2 2 3 2 3 3 2 2 3 3 2 3 3 4 2 x 1 2 2 4 2 1 2 3 2 3 3
1 3 2 2 2 2 2 3 2 2 2 2 1 1 2 1 3 1 3 3 2 2 3 2 3 3 2 2 2 1 3 2 2 2 2 2 3 2 1 x 3 2 3 3 2 1 3 2 2 3
3 2 2 2 3 2 2 1 2 2 2 1 2 3 3 2 3 3 2 3 2 1 1 2 2 3 2 2 3 3 2 4 3 2 1 3 3 2 2 3 x 2 2 2 3 3 1 2 2 2
3 3 2 2 2 2 3 1 2 2 3 3 3 1 3 1 3 3 3 3 3 1 3 3 3 3 1 2 2 2 3 3 3 2 2 2 3 2 2 2 2 x 2 3 2 3 1 3 2 2
3 3 3 2 1 2 3 2 3 3 2 3 2 3 3 2 2 3 4 4 3 3 2 2 3 3 3 1 3 3 3 4 4 4 3 3 4 3 4 3 2 2 x 3 3 3 1 2 2 3
3 1 3 3 2 2 2 3 3 3 3 1 2 2 3 3 2 3 2 2 2 2 3 3 3 3 3 3 2 3 2 3 3 2 2 3 4 1 2 3 2 3 3 x 3 3 3 2 2 3
2 2 2 2 3 1 2 2 1 2 3 2 3 1 1 2 2 2 3 1 2 2 2 3 1 3 3 2 2 1 1 3 3 3 2 3 3 2 1 2 3 2 3 3 x 3 2 3 2 2
2 3 2 3 3 3 2 3 2 3 1 3 2 2 3 2 3 1 2 4 3 2 3 3 3 3 2 3 3 2 3 3 3 2 2 3 2 3 2 1 3 3 3 3 3 x 3 3 2 2
2 3 2 1 2 2 2 2 2 3 3 2 3 2 2 2 2 2 3 3 2 2 2 3 3 2 2 2 3 2 2 4 3 3 2 3 4 2 3 3 1 1 1 3 2 3 x 2 1 3
3 1 2 2 2 2 2 3 2 2 3 1 1 3 3 2 1 2 2 3 2 3 3 3 3 3 3 1 3 3 2 3 3 2 2 2 3 2 2 2 2 3 2 2 3 3 2 x 1 3
2 2 1 2 3 1 1 2 1 2 2 2 2 2 3 2 2 1 2 2 2 2 2 2 2 3 2 1 2 2 2 3 3 2 1 2 3 1 3 2 2 2 2 2 2 2 1 1 x 2
3 2 1 2 3 2 2 2 1 2 1 2 3 2 3 2 2 2 3 2 2 3 2 2 2 4 2 2 1 3 1 2 2 2 1 3 3 2 3 3 2 2 3 3 2 2 3 3 2 x